0 0.8877312321278666 0.1356836536891797 0.91015630002712 0.13085943026751193 0.9122750178721334 0.14070814318582028 0.88984994997288 0.14553236660748806
0 0.5015121428807147 0.5557535008029368 0.521484408933704 0.5468750219280308 0.5254097321192853 0.555705092947063 0.505437466066296 0.564583571821969
0 0.27970262421228975 0.9533080532961697 0.2962770516355003 0.9492186355539873 0.2987352664127102 0.9591817904538302 0.2821608389894997 0.9632712081960126
0 0.9746093492785435 0.4765625079592752 0.9859252931203104 0.46718693396466976 0.9915179944714565 0.4739371014157248 0.9802020506296896 0.48331267541033024
0 0.4835667061250702 0.7580146303353449 0.49259043408108016 0.7850726339653015 0.4785317313749298 0.789761150914655 0.46950800341891985 0.7627031472846985
0 0.9358748339221464 0.5997883130673891 0.9585892716994434 0.6038957993798758 0.9564341504528536 0.6158136400576109 0.9337197126755566 0.6117061537451242
0 0.5524693482599168 0.6716094119980931 0.5825762811923361 0.6815498080238823 0.5782962767400832 0.694512853626907 0.5481893438076639 0.6845724576011177
0 0.7695313788330719 0.3671874506736484 0.7847669068525337 0.38315650239966026 0.7771291680419282 0.3904434087013516 0.7618936400224664 0.3744743569753397
0 0.46349726683104225 0.28517428758756724 0.47901105105573766 0.30352215299113505 0.4707031237939578 0.3105468061624328 0.4551893395692624 0.292198940758865
0 0.48220232772943433 0.03247958795126788 0.49218745000192077 0.056640540230442196 0.4832851722705657 0.060319630798732114 0.4733000499980793 0.0361586785195578
0 0.8780650749498901 0.9780292151353132 0.8932960732833163 0.960624793753733 0.90034898755011 0.9667969567396868 0.8851179892166837 0.984201378121267
