0 0.3260981577949192 0.060473112522970655 0.35892239006525917 0.035854936436915605 0.3664842640800808 0.04593743435202934 0.3336600318097408 0.07055561043808439
0 0.8468933669016464 0.46937960553099545 0.8808594054882969 0.4550781354097775 0.8855285080983536 0.46616726946900455 0.8515624695117031 0.4804687395902225
0 0.11105778013755213 0.25921433800673793 0.1294342103511116 0.22847216204300028 0.14330276673744785 0.23676222449326206 0.12492633652388838 0.26750440045699975
0 0.5956496224947836 0.4804152231023219 0.6363590839894097 0.46820230394294565 0.6406249868802165 0.4824218862726781 0.5999155253855905 0.49463480543205435
0 0.7147902311562776 0.24018087031023316 0.7401541275705531 0.21904430607021394 0.7480468782187225 0.22851561406476684 0.722682981804447 0.24965217830478606
0 0.3653017758256182 0.4200066492303085 0.39447763635658695 0.3944777546885987 0.40626345854938184 0.4079472570196915 0.3770875980184131 0.4334761515614013
0 0.48217413746954313 0.17309107806405596 0.5077589709641813 0.14838389732780158 0.5169282062804568 0.15787884381094405 0.4913433727858186 0.18258602454719844
0 0.8421858372303898 0.25023857437393593 0.8628647997932722 0.2492344182000571 0.8632813502696103 0.2578125975010641 0.8426023877067278 0.25881675367494295
0 0.7910156658486539 0.695312432562189 0.8126739817861286 0.6931393648894454 0.8137487872763461 0.7038516299378109 0.7920904713388714 0.7060246976105545
0 0.9609375 0.767578125 0.98046875 0.767578125 0.98046875 0.775390625 0.9609375 0.775390625
0 0.9824218405515812 0.34179687424051075 0.9977533580181973 0.3383684726047198 0.9996379250734189 0.34679609450948923 0.9843064076068028 0.3502244961452802
