0 0.8847656894782253 0.09570311729698375 0.916015560954979 0.05273441910943118 0.9330870448967746 0.06515000770301627 0.9018371734200209 0.10811870589056884
0 0.6015625020815071 0.13281248502977125 0.6232041199088849 0.09936644114730961 0.6386718729184929 0.10937501497022875 0.6170302550911151 0.1428210588526904
0 0.6250000825050975 0.740234329833566 0.6595894882033445 0.714111761590229 0.6687721831199024 0.726270748291434 0.6341827774216554 0.7523933165347709
0 0.9347606069463392 0.6877461868830164 0.9725030657392648 0.6560968083863574 0.9841597055536608 0.6699975631169837 0.9464172467607352 0.7016469416136426
0 0.37109380329633007 0.7714844427014773 0.3991704586792882 0.7373912940266877 0.41210932170366993 0.7480468072985227 0.3840326663207118 0.7821399559733123
0 0.5540371491778209 0.5240557106730297 0.5960272705082874 0.48606782928166625 0.6080722258221791 0.49938178932697036 0.5660821044917126 0.5373696707183337
0 0.3476562494351446 0.3710937505326801 0.37121391124441344 0.3298677839833531 0.3886718755648554 0.3398437494673199 0.36511421375558656 0.3810697160166469
0 0.32812496143482717 0.5820312153233207 0.34392103648779665 0.538592040660817 0.36132816356517283 0.5449219096766793 0.34553208851220335 0.588361084339183
0 7.37896713766395e-08 0.530672365887923 0.014774596785805501 0.4467700481096641 0.03737336371032862 0.45074950911207706 0.0225988407141945 0.534651826890336
0 0.7532030960945043 0.39773420251501274 0.779560737966695 0.3569996056089252 0.7981058882804958 0.3689993912349873 0.7717482464083051 0.40973398814107487
0 0.1113738347716346 0.11315812879177807 0.13300334719964227 0.08609709213888803 0.14257811835336542 0.09375007433322192 0.12094860592535775 0.12081111098611197
