0 0.5802066104567176 0.01614847028852339 0.5949531570632672 0.07390056597791327 0.5571156551682823 0.0835620765864766 0.5423691085617327 0.025809980897086738
0 0.10093284342469305 0.5972911752988823 0.1784798016875538 0.48147267649759384 0.20702340657530693 0.5005842153261177 0.12947644831244617 0.6164027141274062
0 0.2299527959787265 0.22467077600797591 0.2626202271507248 0.394531270866892 0.22853431339627348 0.40108664586702414 0.19586688222427517 0.23122615100810803
0 0.2282561068318035 0.057450669164226614 0.2734374829805105 0.220703175253036 0.23586772129319653 0.2311008933357734 0.19068634514448954 0.06784838724696401
0 0.5295760168256013 0.6116070974736667 0.6432595976613907 0.6002920943597674 0.6457017175493988 0.6248284494013332 0.5320181367136093 0.6361434525152325
0 0.6768002940042619 0.4369313407422618 0.7270374074829976 0.3784839902029063 0.7499309559957381 0.39816162800773824 0.6996938425170024 0.45660897854709376
0 0.652126044144948 0.4179246924154474 0.6832153701269731 0.36362600426741953 0.706744658980052 0.37709796383455263 0.6756553329980269 0.4313966519825805
0 0.6251891294629719 0.4082981776648917 0.661191046504953 0.35678731477149733 0.678385089287028 0.3688045567101083 0.6423831722450469 0.42031541960350266
0 0.37275462886044575 0.4970266001137816 0.42967220478366064 0.39988386270067305 0.45526724613955427 0.4148804311362185 0.3983496702163394 0.512023168549327
0 0.08624372190353674 0.6307608955220111 0.20988587397067884 0.6308593811056846 0.20986565309646327 0.6562453544779888 0.08622350102932116 0.6561468688943153
