0 0.4487171875 0.307194921875 0.4487171875 0.281804296875 0.5346546875 0.281804296875 0.5346546875 0.307194921875
0 0.513426579974523 0.3165874398360912 0.5548780503751016 0.3103564304081526 0.5570745919004769 0.32496881016390883 0.5156231214998983 0.33119981959184747
0 0.010558552877370373 0.5001498087699412 0.05682218948023095 0.5292061186486744 0.046382462747629624 0.5458283162300588 0.00011882614476905681 0.5167720063513256
0 0.6045027669359576 0.4944355323819963 0.6419957367139943 0.4929649696811598 0.6425780924390424 0.5078125144930036 0.6050851226610057 0.50928307719384
0 0.5932356551236085 0.48275018457631685 0.6289062352949935 0.48242188164814664 0.6290377823763914 0.4967146591736831 0.5933672022050065 0.49704296210185334
0 0.44285727989811224 0.25377146945487644 0.4599303693208964 0.337995921970392 0.43504584510188776 0.3430402492951236 0.4179727556791036 0.25881579677960803
0 0.4186396629646826 0.2611985704161297 0.4296875035842592 0.3457030661557514 0.3986380714103174 0.3497623670838703 0.38759023079074073 0.2652578713442486
0 0.36892187504795254 0.24788482560184597 0.38674544986826165 0.3517177039549245 0.3535156249520474 0.35742181502315395 0.3356920501317383 0.2535889366700754
0 0.2689527405212461 0.22703848701803195 0.28300031633902795 0.3670464761999901 0.24148085322875384 0.371212294231968 0.22743327741097205 0.23120430505000986
0 0.16134556368829248 0.25675158774753787 0.18602189163380928 0.3784838586796947 0.14843881131170752 0.3861023185024622 0.12376248336619071 0.26437004757030536
0 0.09521507038303831 0.27161942948322204 0.10789688404276396 0.39801527547900806 0.0676829764919617 0.4020501017667779 0.05500116283223605 0.2756542557709919
0 0.5677521340791111 0.31377637649492707 0.6110957852594684 0.30366412111512786 0.6148990377958888 0.31996581100507293 0.5715553866155315 0.33007806638487214
0 0.5565043895462584 0.3018870752988647 0.6159716973029831 0.2911147269089948 0.6184303760787416 0.30468753407613525 0.5589630683220169 0.31545988246600515
0 0.5676491512274876 0.2890623856282318 0.5990796321090263 0.28206021141811677 0.6012961612725124 0.29200948937176824 0.5698656803909737 0.29901166358188325
