0 0.533678125 0.601140234375 0.674303125 0.601140234375 0.674303125 0.626530859375 0.533678125 0.626530859375
0 0.4950015379657346 0.31068188793637175 0.5706069710743835 0.34627545837925927 0.5626906495342655 0.3630907683136283 0.48708521642561653 0.3274971978707408
0 0.5882721608938225 0.32402777273963995 0.6352042520171983 0.2509353696132875 0.6564977609811774 0.26460777413536 0.6095656698578016 0.3377001772617125
0 0.6496915155607202 0.32026718410837623 0.6879385694690523 0.26070089048523526 0.7086440313142798 0.2739957065166238 0.6703969774059477 0.3335620001397648
0 0.6917041280478958 0.3483359123245242 0.7286986823364483 0.2853115415056858 0.7499822000771043 0.2978047126754758 0.7129876457885518 0.36082908349431425
0 0.5711571850280545 0.687710269303701 0.676612608575446 0.6685206685785818 0.6799588305969456 0.6869096525712989 0.574503407049554 0.7060992532964181
0 0.5732070582017931 0.6346229404952511 0.6713315540310664 0.6277429332367661 0.672818332423207 0.648947762629749 0.5746938365939337 0.655827769888234
0 0.11670423930666744 0.507271661072445 0.18598538007470244 0.3993727851026305 0.20870904194333256 0.41396349517755493 0.13942790117529757 0.5218623711473694
0 0.250341620962546 0.0001989407739623958 0.27181338388103204 0.11232663257720882 0.23529431653745403 0.1193198092260376 0.21382255361896796 0.007192117422791182
0 0.3497998011601586 0.35723129727854375 0.39799374100422036 0.28217371413122916 0.4163353550898414 0.2939507339714562 0.3681414152457796 0.3690083171187708
0 0.39695939438141964 0.8023122249399465 0.4045892030265926 0.9968332957072329 0.34718123061858036 0.9990850406850534 0.3395514219734074 0.804563969917767
0 0.3985506601223534 0.24835756292303132 0.45583418139258325 0.1507686473012871 0.4760012930026466 0.16260649957696868 0.41871777173241675 0.2601954151987129
0 0.2385813622790197 0.14037848258448715 0.28395907587864594 0.2874874397713993 0.2544944189709803 0.29657620491551284 0.20911670537135407 0.1494672477286007
0 0.6370627982563963 0.4682747754038922 0.7848558247844176 0.4667968691697504 0.7851172798686037 0.4929428027211078 0.6373242533405824 0.4944207089552496
0 0.463403590970781 0.30161001178968366 0.4870999640000303 0.25618195788510195 0.504091330904219 0.2650450663353164 0.48039495787496966 0.3104731202398981
0 0.519024824372389 0.2643423959432301 0.5585937273010854 0.2675781535675516 0.557549003752611 0.28035369780676994 0.5179801008239145 0.27711794018244845
0 0.5214029263871243 0.3046060484456478 0.5395326412612506 0.2775754465965976 0.5503259798628757 0.28481465467935213 0.5321962649887494 0.31184525652840234
