0 0.30134273814975765 0.03114266463510175 0.3397155307833222 0.16979392090576512 0.30655765247524236 0.17897061661489827 0.26818485984167784 0.040319360344234875
0 0.46359155705030514 0.4540551345285063 0.5139174424225461 0.3640843767261612 0.5332049273246948 0.3748729904714937 0.48287904195245396 0.46484374827383884
0 0.7620944490608234 0.4105241881647052 0.7940429038133104 0.3520428978065014 0.8112453946891766 0.36144065558529476 0.7792969399366895 0.4199219459434986
0 0.7421875983903841 0.40624997892172493 0.7858468035158561 0.34378318629849347 0.798581932859616 0.3526840054532751 0.7549227277341439 0.41515079807650657
0 0.7265625001005185 0.3886717317897156 0.7542952191975936 0.32820195019270204 0.7753539061494814 0.3378599088352844 0.7476211870524063 0.39832969043229793
0 0.6932736082214241 0.37357718893341935 0.7213687716554978 0.313899246820039 0.7409857667785757 0.3231345298165807 0.712890603344502 0.38281247192996104
0 0.3030465643192733 0.19776781167255936 0.3455749439749574 0.3514345642040214 0.3146194513057267 0.3600017195774406 0.2720910716500426 0.20633496704597853
0 0.6586051045030427 0.0010803694096934505 0.6640580884806593 0.0918546213968886 0.6346374736219574 0.09362197434030656 0.6291844896443408 0.002847722353111405
0 0.19110438563372217 0.5703793469760089 0.26034559083678677 0.4465922280252675 0.28532178624127785 0.46056284052399105 0.21608058103821326 0.5843499594747324
0 0.41460187364994205 0.9974870039170255 0.4159501863101913 0.862663673186391 0.4686137513500579 0.8631903398329744 0.46726543868980863 0.9980136705636089
