0 0.5119510433441696 0.186516831414353 0.692509133591967 0.2250014000788946 0.6860220035308304 0.255437074835647 0.5054639132830331 0.21695250617110537
0 0.8422946052558066 0.7198703420488892 0.88085940493263 0.7207031248569482 0.8804569572441935 0.7393398142011107 0.84189215756737 0.7385070313930517
0 0.8246291673327706 0.6649444059011077 0.8458678630432191 0.7559785390194121 0.8190114576672294 0.7622442659738923 0.7977727619567808 0.6712101328555878
0 0.7549238573256315 0.6124068080982086 0.779771895716281 0.7495777037723137 0.7432820020493686 0.7561877231517915 0.718433963658719 0.6190168274776864
0 0.6544420517508296 0.6286332334302241 0.6671275174019032 0.7884644116442279 0.6378974013741705 0.7907843446947759 0.6252119357230969 0.6309531664807722
0 0.5649282991973736 0.6480153466528087 0.572162634621802 0.7949263538110399 0.5430638883026264 0.7963592627221914 0.5358295528781981 0.6494482555639601
0 0.5150913956336781 0.6943131462333956 0.5250513570465914 0.8056711976258771 0.496763291866322 0.8082013068916045 0.4868033304534087 0.696843255499123
0 0.3598500319515102 0.7046557506808196 0.40787802811872975 0.8124342947991595 0.3851948899234898 0.8225422961941803 0.3371668937562703 0.7147637520758404
0 0.8422548682492459 0.13909017708667937 0.8648041401063462 0.03370751386565643 0.8882588036257542 0.03872622916332065 0.8657095317686538 0.14410889238434357
0 0.9268547658220896 0.7145482945922192 0.9667968112439267 0.7089844350195086 0.9691764841779105 0.7260677210327808 0.9292344387560734 0.7316315806054915
0 0.8847656185210439 0.7265624995875547 0.9182484090295466 0.7272856231419307 0.9179687564789561 0.7402343754124453 0.8844859659704534 0.7395112518580693
0 0.8870312360207728 0.7101427639969446 0.9221710297502976 0.7109016502318148 0.9218586077292272 0.7253681735030553 0.8867188139997024 0.7246092872681851
