0 0.15250061702408008 0.5128782365926379 0.392928860492323 0.6809179674951962 0.3646724298509199 0.721346763407362 0.12424418638267695 0.5533070325048037
0 0.4143721047299644 0.6846055922246788 0.6528658901749491 0.8584948695594499 0.6254751608950355 0.8960619859003212 0.3869813754500508 0.72217270856555
0 0.44546941765811343 0.34490942184258244 0.6875329566180698 0.5140921388838297 0.6567251135918867 0.5581714375324176 0.4146615746319303 0.38898872049117045
0 0.4515651192393396 0.6548477781696865 0.6821155809356788 0.8159840423502305 0.6575290213856603 0.8511619874553135 0.4269785596893211 0.6900257232747695
0 0.426287498084886 0.5440507621480681 0.6567250272103015 0.7085621250115918 0.6287640644151141 0.7477281441019319 0.39832653528969864 0.5832167812384083
0 0.447014155373108 0.4920610894729848 0.6743031891206598 0.6577808893985575 0.6457678758768921 0.6969178167770151 0.4184788421293403 0.5311980168514425
0 0.16421939644127376 0.35272192995659124 0.40464761958523576 0.5207617419618379 0.37639115043372623 0.5611905700434088 0.13596292728976425 0.39315075803816213
0 0.18375059140691963 0.47381576751268417 0.4241788572510041 0.6418554664002838 0.39592245546808036 0.6822842324873157 0.1554941896239959 0.5142445335997161
0 0.15250079535063224 0.1378780746671432 0.20105980840908672 0.17181689761329222 0.19159686089936775 0.18535630033285683 0.14303784784091328 0.1514174773867078
0 0.18765703177329918 0.19256558477224542 0.24919645582554087 0.23557663472650575 0.23651874947670082 0.25371566522775457 0.17497932542445913 0.21070461527349427
0 0.3274004085100279 0.2930772124407682 0.3703618863247144 0.3237477949751133 0.35761248211497215 0.3416063813092319 0.31465100430028564 0.31093579877488675
0 0.14261528943506058 0.14697192829840172 0.18934097770438765 0.17962939622479326 0.18149135118993942 0.1908604935765983 0.13476566292061234 0.15820302565020675
