0 0.3042531742765182 0.6740244647010196 0.54126869998794 0.8396787493735066 0.5141472163484818 0.8784837384239803 0.27713169063706 0.7128294537514933
0 0.3420941853785043 0.471076961511931 0.5695738561200527 0.6369357344957651 0.5390280802464957 0.6788300697380689 0.3115484095049472 0.5129712967542348
0 0.3102251069798825 0.5176490421758537 0.5438801327325102 0.688010309652713 0.5159877836451175 0.7262654109491462 0.2823327578924898 0.5559041434722869
0 0.3334724216217605 0.6335287342633378 0.5662419181476526 0.7997048622107578 0.5398373440032395 0.8366907969866622 0.3070678474773474 0.6705146690392422
0 0.06079013587609178 0.45123990534239833 0.3032094432042049 0.6206714677181837 0.27736337974890823 0.6576515009076016 0.034944072420795114 0.4882199385318163
0 0.3370171147482448 0.3205661117732155 0.5829494337019823 0.4924528643449705 0.5493031977517552 0.5405932632267845 0.3033708787980177 0.36870651065502946
0 0.20727448222761244 0.26373990519150664 0.26489225202494693 0.30401003221625755 0.2524282521473875 0.32184329793349337 0.19481048235005305 0.28157317090874245
0 0.1584464070235663 0.19342741197561278 0.19744002132881244 0.22068079478928512 0.18406882735143368 0.23981204114938723 0.14507521304618753 0.21255865833571488
0 0.07073738206589697 0.1387303523163401 0.11257098302813356 0.16796864782940005 0.10406613355910302 0.1801372258086599 0.06223253259686642 0.15089893029559995
0 0.06176314634392779 0.14963726456609303 0.1047584925715487 0.1796875087902202 0.0962735724060722 0.191827579183907 0.05327822617845129 0.16177733495977983
0 0.05297765417981297 0.16803682070718995 0.09905403983439817 0.20024046048148397 0.08641258019518704 0.21832763241781006 0.04033619454060183 0.18612399264351603
