0 0.5024281892172047 0.8140307997518682 0.6152427244017749 0.7863220326487155 0.6215686857827953 0.8120777939981317 0.5087541505982252 0.8397865611012845
0 0.34858472029053067 0.624449066397498 0.3960694101851056 0.5433964133464788 0.42295981095946933 0.559150152352502 0.3754751210648944 0.6402028054035211
0 0.2973500728828889 0.618718313829101 0.3439348390880243 0.5334353848096582 0.3695979739921111 0.547453561170899 0.3230132077869757 0.6327364901903418
0 0.4544752245852936 0.35922317693344546 0.5784202735723817 0.3274630645000203 0.5853575879147064 0.3545361980665545 0.4614125389276183 0.3862963104999797
0 0.19277977350020417 0.3806532749446467 0.22745715177397258 0.5433093545787031 0.18738467962479585 0.5518525844303532 0.15270730135102745 0.3891965047962968
0 0.18308823819811235 0.22307937867478073 0.22911038255344354 0.3667269427663019 0.18907543367688764 0.3795534338252193 0.14305328932155645 0.2359058697336981
0 0.2590225884642555 0.21538515408448794 0.27834873862585086 0.33510325353644177 0.24967038028574454 0.33973281466551203 0.23034423012414915 0.22001471521355823
0 0.3072024571088417 0.20630892155154812 0.3285426072529911 0.3385029796497702 0.28676394914115827 0.34524732844845185 0.26542379899700885 0.21305327035022975
0 0.4148762937201132 0.1853534539811329 0.5476901464625981 0.166522423309073 0.5512576906548867 0.19168404601886713 0.41844383791240186 0.21051507669092703
0 0.07188493398620555 0.7666908132976541 0.14677545455594443 0.64983825758013 0.17036272226379445 0.6649552804523459 0.09547220169405556 0.7818078361698699
0 0.5785999907903708 0.5737964798730697 0.6153029946954865 0.5111474652891449 0.6331632904596293 0.5216109420019304 0.5964602865545136 0.5842599565858552
0 0.5794416638085038 0.6021572887185168 0.6296303248357937 0.5202882849453943 0.6502731799414962 0.5329431019064831 0.6000845189142063 0.6148121056796056
0 0.5527731146774988 0.5680772927541629 0.5942250810362844 0.49567143050727036 0.6146089165725013 0.5073410666208371 0.5731569502137157 0.5797469288677296
0 0.5922720220587663 0.7183277103877136 0.7428716524602047 0.727246594136245 0.7411834466912337 0.7557527583622864 0.5905838162897953 0.7468338746137549
