0 0.6699218390646912 0.2832031633384127 0.7990814509315132 0.2538487560469907 0.8066406609353088 0.2871093366615873 0.6774810490684868 0.3164637439530093
0 0.5433957657908238 0.23606989200406664 0.5600300486031459 0.38417341636185975 0.5216749373341761 0.38848127987093334 0.5050406545218541 0.24037775551314022
0 0.7228884952308459 0.7986322172974584 0.840921313862107 0.7892645003526244 0.8426419735191542 0.8109447358275416 0.724609154887893 0.8203124527723755
0 0.8091995264006133 0.6133111175592257 0.8525055398041788 0.5560268548399467 0.8677153173493868 0.5675252105657743 0.8244093039458213 0.6248094732850533
0 0.7899308484437295 0.6061562050137334 0.831058974756273 0.548218742397193 0.8477863390562705 0.5600930137362666 0.8066582127437271 0.618030476352807
0 0.31489266158077184 0.7989511089556915 0.3862918938648235 0.6868982330463488 0.4083936665442282 0.7009813129193085 0.33699443426017656 0.8130341888286513
0 0.4199877976221299 0.4158975790297784 0.47722344916321185 0.5713996761781761 0.44355009300287007 0.5837938272202216 0.3863144414617881 0.42829173007182386
0 0.4288955462993576 0.2701257554293221 0.48261234594494895 0.4255907271908893 0.44888882870064234 0.4372429945706779 0.395172029055051 0.2817780228091107
0 0.6708530935705197 0.4051351911202108 0.815755274917488 0.36914063439353456 0.8225055001794803 0.3963148088797892 0.677603318832512 0.43230936560646543
0 0.8636578398452545 0.6421849654187989 0.8973776670149505 0.5769888284194868 0.9220566132797455 0.5897529252062012 0.8883367861100495 0.6549490622055132
0 0.8290497900670954 0.6340503939336943 0.8715500288333233 0.5688003861278612 0.8903470849329045 0.5810437466913057 0.8478468461666766 0.6462937544971388
0 0.7426256487598326 0.8454822590093557 0.8517916036828065 0.8312990778013991 0.8543841168651674 0.8512532878656444 0.7452181619421935 0.865436469073601
0 0.5400157246635027 0.6580091980577863 0.5833334094321163 0.5800781535569252 0.6071170878364973 0.5932982238172136 0.5637994030678837 0.6712292683180748
0 0.5966556004520946 0.6716951131343153 0.6334760218646485 0.6084648251817716 0.6572631495479053 0.6223166056156847 0.6204427281353515 0.6855468935682284
