0 0.16046656269233647 0.7793381239923288 0.1655212978022678 0.8720445598722789 0.14202015605766352 0.8733259385076712 0.1369654209477322 0.7806195026277211
0 0.03459818697571586 0.297154013029075 0.08578981571882298 0.2164967170502132 0.10802056302428413 0.23060614322092493 0.056828934281177 0.3112634391997868
0 0.1879178137586629 0.041519469905231525 0.312285683754908 0.007732711091440456 0.3191224206163371 0.03289849884476847 0.194754550620092 0.06668525765855954
0 0.2982699932109456 0.23465402257020143 0.3313404929260241 0.1858483515133699 0.3474659442890544 0.1967748836797986 0.31439544457397595 0.24558055473663012
0 0.30412946842662325 0.2600446916566661 0.3498659813502526 0.18798249361680347 0.36778615657337677 0.1993560895933339 0.3220496436497474 0.27141828763319653
0 0.3331173381085363 0.26759286926985415 0.37089098639584284 0.1977079029028421 0.38628656814146367 0.20602939635514583 0.3485129198541571 0.27591436272215786
0 0.3433590750226363 0.2903512948715324 0.3864419157645659 0.20458978876701894 0.40775928435236375 0.21529870512846766 0.36467644361043416 0.3010602112329811
0 0.4291835911996095 0.4128528431875824 0.47014503634104926 0.4143414727000659 0.46943008067539044 0.4340143443124176 0.4284686355339507 0.4325257147999341
0 0.24013882585849894 0.49286392826992564 0.34834985370204913 0.47033465501981575 0.352957658516501 0.4924665404800743 0.24474663067295083 0.5149958137301842
0 0.23147400914376282 0.5339325282146912 0.3518219967711038 0.5226261671795641 0.35416505335623716 0.5475662999103088 0.23381706572889618 0.5588726609454359
0 0.16078971395546446 0.227426911803482 0.1898079899565354 0.18889901028512174 0.20647317666953555 0.20145082257151797 0.17745490066846462 0.23997872408987825
0 0.08928582027356567 0.1799664323570972 0.14654089539583207 0.09362212880744267 0.1691278516014343 0.10859958326790281 0.1118727764791679 0.19494388681755734
0 0.09601527784680343 0.3131711260982174 0.13597373270318341 0.24733886224784918 0.15463472215319657 0.25866559265178257 0.11467626729681657 0.3244978565021508
