0 0.3671875216039256 0.5546874844779505 0.3705775393159085 0.7191073730846541 0.31366130652107443 0.7202808748970496 0.31027128880909155 0.555860986290346
0 0.5700026689392079 0.7376713026009099 0.6847550548228588 0.735905933009855 0.6850649091857921 0.7560470567740902 0.5703125233021412 0.7578124263651451
0 0.5484601056596158 0.476062583946825 0.6100080111851496 0.49885186331985 0.6046770037153842 0.513249525428175 0.5431290981898504 0.49046024605515004
0 0.6261613432002425 0.46246832912184377 0.6599234403271281 0.3935307306303426 0.6803312349247576 0.40352542087815624 0.646569137797872 0.4724630193696574
0 0.6691300895640877 0.4937182982926952 0.7071274631951944 0.416132816552733 0.7252531135609124 0.4250098267073048 0.6872557399298057 0.502595308447267
0 0.6495408385271129 0.4657972819853204 0.6837909402378244 0.40390128946910614 0.7032333802228872 0.4146597492646796 0.6689832785121756 0.4765557417808938
0 0.7015325111318408 0.5003425077511748 0.7426633641213537 0.416358879211834 0.7610420982431593 0.4253598359988252 0.7199112452536464 0.509343464538166
0 0.7589737503910546 0.6167652438235547 0.8078804167961197 0.6160127969935114 0.8081727339839454 0.6350124905514454 0.7592660675788804 0.6357649373814886
0 0.3781143869099779 0.5112965326637526 0.41848473799279656 0.42886586406725435 0.4372086599650221 0.4380358892112474 0.39683830888220345 0.5204665578077456
0 0.5247407960963304 0.25350198897843734 0.6495988451869643 0.2222338139953556 0.6556150632786697 0.24625738602156266 0.5307570141880358 0.2775255610046444
0 0.4973041974549183 0.0799838823553715 0.6199757713866588 0.05950904596242745 0.6238329119200817 0.08261846139462849 0.5011613379883412 0.10309329778757254
0 0.42694256024803445 0.5249684405061718 0.47022394167200654 0.4467516352629515 0.4931316585019655 0.4594276532438282 0.4498502770779934 0.5376444584870486
0 0.25509626117013284 0.26316588397877977 0.30571037456790123 0.44283822471552553 0.27069241070486716 0.4527028660212203 0.22007829730709877 0.2730305252844745
