0 0.04589918649860848 0.07040317018041993 0.11328129805488106 0.11523436519672185 0.10353011037639152 0.12989057981958005 0.036147998820118946 0.08505938480327814
0 0.9033777348714213 0.3279718477628916 0.97333317699094 0.39407265840054745 0.9619714838785788 0.4060969022371084 0.89201604175906 0.3399960915994526
0 0.8149033744850546 0.2454976231098005 0.8799402921990749 0.3045344536994856 0.8675446723899455 0.3181898768901995 0.8025077546759252 0.2591530463005144
0 0.7529037061968281 0.1342794245074042 0.827205781432036 0.20883112665060072 0.815388090678172 0.2206092473675958 0.741086015442964 0.1460575452243993
0 0.7244838543869291 0.1544651084680967 0.8003784370073399 0.2261778629978214 0.7890005206130709 0.23821926653190328 0.7131059379926601 0.16650651200217859
0 0.7961039281005081 0.553781429129673 0.8506433823067712 0.605315705623121 0.8398906031494918 0.6166955239953271 0.7853511489432288 0.5651612475018791
0 0.7001561460131269 0.4604643418627756 0.7666589543557308 0.5271905478669369 0.7548544008618732 0.5389555800122243 0.6883515925192693 0.4722293740080631
0 0.6054256026375778 0.35636514195028524 0.6807216061379442 0.43344054269423654 0.6651482254874223 0.4486543892997148 0.5898522219870559 0.3715789885557635
0 0.7308706031636432 0.6071405386848866 0.7981331688016602 0.6706968197630583 0.7860844749613569 0.6834481331901133 0.7188219093233399 0.6198918521119416
0 0.6593557568224755 0.5250186505957495 0.7270407943634986 0.5957031803016922 0.7136465869275246 0.6085290056542505 0.6459615493865015 0.5378444759483078
0 0.557266586229006 0.42958618828496986 0.631337633345896 0.5039062939662466 0.6175181793959938 0.5176794367150301 0.5434471322791039 0.4433593310337533
0 0.9076446188314341 0.5713042481965357 0.9738454446844044 0.5247464774942238 0.9839721780435658 0.5391457518034642 0.9177713521905956 0.5857035225057762
0 0.07109339347291661 0.4823832456441911 0.09134573434592828 0.5027036483796922 0.08264371590208337 0.5113765199808089 0.0623913750290717 0.4910561172453079
0 0.9246440069611407 0.3117857153887443 0.9893152816281233 0.37289357979403726 0.9769747430388592 0.3859537377362557 0.9123034683718766 0.3248458733309627
0 0.43136891628079865 0.7659911644180892 0.4504455417591668 0.7534128859811771 0.45615608371920136 0.7620736793319107 0.4370794582408332 0.7746519577688229
0 0.34098389976088017 0.6648004064996276 0.37553385084023116 0.6961628198587032 0.36544227211411984 0.7072800622503723 0.33089232103476884 0.6759176488912967
0 0.30859384222512903 0.5711128584088074 0.3313802026578198 0.5917969650454675 0.32057920464987094 0.6036957353411925 0.29779284421718016 0.5830116287045324
