0 0.5099883404764061 0.9563077832188897 0.5585363043579615 0.9511143123589332 0.561031581398594 0.9744398730311105 0.5124836175170385 0.9796333438910669
0 0.564453125797042 0.29687503314512576 0.6150925886905791 0.2963686265189844 0.615234374202958 0.31054684185487424 0.5645949113094209 0.3110532484810156
0 0.34869836090673556 0.10513894169677417 0.38799750582591774 0.12316232797397327 0.3809797640932644 0.13846418330322585 0.3416806191740822 0.12044079702602674
0 0.6428357014629585 0.06687807686948623 0.6773226932085761 0.036630587684818645 0.6890010172870414 0.04994575125551377 0.6545140255414239 0.08019324044018136
0 0.5405657601076413 0.19526131658105167 0.5410156577358755 0.24414050494905387 0.5255533805173586 0.24428282404394835 0.5251034828891245 0.19540363567594615
0 0.734039975142643 0.2982457719107031 0.7545402790865392 0.2598852349017667 0.7665940092323571 0.26632688433929685 0.7460937052884609 0.3046874213482333
0 0.47717443754771677 0.12593397113385585 0.47925654714137583 0.09127378222850487 0.4962228280772832 0.09229298199114418 0.4941407184836241 0.12695317089649516
0 0.5862568447488562 0.14910912001968632 0.6042923417643948 0.0998225162857726 0.6218076083761438 0.10623189560531368 0.6037721113606052 0.1555184993392274
0 0.44681957375829856 0.049813758401575245 0.4941112576588186 0.006632171614094462 0.5079144106167014 0.021749132223424755 0.46062272671618143 0.06493071901090554
0 0.4117775338034787 0.9256812642146729 0.42767694980090165 0.9296299690995619 0.4256517630715213 0.937784360785327 0.40975234707409836 0.933835655900438
0 0.2315809295859524 0.9571515180105648 0.24798944143063437 0.9608799098040179 0.2447073516640476 0.9753242632394352 0.22829883981936563 0.971595871445982
0 0.2934785118303068 0.9226455596190002 0.31703177428263385 0.9196484859019141 0.31841758191969316 0.9305392060059998 0.29486431946736613 0.933536279723086
