0 0.4136498940330633 0.35070323588090335 0.4187259471954342 0.45213876971174716 0.3894657309669367 0.45360301411909665 0.3843896778045658 0.35216748028825284
0 0.1408184422681142 0.3455466926266878 0.1774449596252881 0.4682846328052735 0.1421909327318858 0.47880486987331217 0.1055644153747119 0.3560669296947265
0 0.19169517792267288 0.37819831241914414 0.19940927524748192 0.4744188594401883 0.1735317752023271 0.4764934844558558 0.16581767787751805 0.38027293743481166
0 0.2700084134120401 0.309056643639433 0.2776227373818477 0.46121644838995157 0.2288517428379599 0.4636570282355669 0.22123741886815235 0.3114972234850484
0 0.3292140249060125 0.35253522064196247 0.33580093998842964 0.46218423319893037 0.30636917821898757 0.46395227935803757 0.2997822631365704 0.35430326680106966
0 0.06582311273431345 0.3169024603100188 0.0841749245545802 0.499809483139454 0.037960481015686554 0.5044463678149812 0.019608669195419808 0.321539344985546
0 0.5752686416864972 0.40011369896171567 0.6115238562874714 0.38971961132253863 0.6151063583135028 0.4022155979132843 0.5788511437125285 0.41260968555246136
0 0.5479362793780755 0.3934246248704594 0.5953751676816857 0.38135175865496335 0.5986902831219245 0.3943781095045406 0.5512513948183143 0.4064509757200367
0 0.5579078083813481 0.3683180805398934 0.5986901929063785 0.3650811861785263 0.5999082072436518 0.3804272319601066 0.5591258227186214 0.3836641263214737
0 0.508631642592269 0.009133517938193093 0.6217845208252183 0.024018367355454814 0.618361326157731 0.050041091436806906 0.5052084479247817 0.03515624201954519
