0 0.12779088804692307 0.3268460847523628 0.15637491076496873 0.5039696751227182 0.10974153382807696 0.5114953214976372 0.08115751111003129 0.3343717311272818
0 0.4910721343567383 0.34442424831459173 0.5078454524050974 0.4483613422456837 0.48094388126826165 0.4527027048104083 0.4641705632199025 0.34876561087931635
0 0.3902064518839984 0.32155312307670325 0.40630570999957666 0.467318870243574 0.3618033137410016 0.4722339862982967 0.34570405562542333 0.326468239131426
0 0.30629098387907666 0.3500617891645337 0.31165460988953164 0.4840826570551743 0.2661000317459234 0.4859057889604663 0.2607364057354684 0.3518849210698257
0 0.6367332839052916 0.40614823370902725 0.6679687381438238 0.40429684163674484 0.6686257004697084 0.4153806725409727 0.6373902462311761 0.4172320646132551
0 0.5871000983672211 0.4164455233494309 0.6289063178615221 0.4062501453884775 0.632244042257779 0.4199365079005691 0.590437822763478 0.4301318858615225
0 0.7235050689754412 0.564692262143468 0.7642118196417917 0.5875045080423188 0.7543812591495589 0.605046409731532 0.7136745084832083 0.5822341638326812
0 0.5715223049260677 0.3376263748420528 0.5825062466027343 0.43707768019210524 0.5485683200739323 0.44082596890794723 0.5375843783972657 0.3413746635578948
0 0.5392433957801817 0.34072173314060195 0.5493031957008145 0.44098394553799175 0.5206862917198183 0.44385521998439803 0.5106264917991854 0.3435930075870082
0 0.6789657292911808 0.3859960701759379 0.7264887401302517 0.38078567116178563 0.7282307550838192 0.39667424232406207 0.6807077442447483 0.40188464133821433
0 0.6872440300428544 0.39930601471536986 0.7361570233040271 0.39145245079742097 0.7382075324571455 0.4042232821596301 0.6892945391959728 0.412076846077579
