0 0.5397617760114573 0.2812650201144026 0.6456925185248258 0.26910902505895035 0.6481077552385428 0.2901560736355975 0.5421770127251743 0.3023120686910497
0 0.2727735219093784 0.25979997976912017 0.3473094117092432 0.14262372068894383 0.37420811871562154 0.15973400460587986 0.2996722289157568 0.2769102636860562
0 0.7609269233310232 0.05426512644657977 0.7933308696401427 0.003323493941210849 0.8098531547939769 0.013833311053420227 0.7774492084848574 0.06477494355878916
0 0.8676904597349236 0.0761644907803376 0.8857329023393254 0.04121371567550708 0.9000630558900763 0.048611290469662394 0.8820206132856745 0.08356206557449292
0 0.7638833939436548 0.08961306625323615 0.8100792483942909 0.015360270342112875 0.8286072310563452 0.02688732437176386 0.782411376605709 0.10114012028288713
0 0.8108160637527287 0.09450345464209886 0.8470970553309196 0.027542143648499842 0.8659702643722712 0.03776802973290114 0.8296892727940803 0.10472934072650016
0 0.40811820448189706 0.6056981300064209 0.41327073022215294 0.7241872000087024 0.38627202989310294 0.725361244993579 0.38111950415284707 0.6068721749912975
0 0.5565052004758388 0.5627871890007307 0.5598221884142036 0.8092562127298201 0.49530183077416123 0.8101245297492693 0.49198484283579647 0.5636555060201799
0 0.019156599799522035 0.5306772744388579 0.12390001551718363 0.46314611467654326 0.13910785332547798 0.486734053686142 0.03436443760781637 0.5542652134484566
0 0.5004339848312378 0.1210936970301438 0.5480275675026374 0.03729917649204533 0.5648871089187621 0.0468750529698562 0.5172935262473626 0.13066957350795466
0 0.5557923598620614 0.12962914769547398 0.6033377996201476 0.05320699698057888 0.6241513901379386 0.06615600855452602 0.5766059503798525 0.14257815926942113
0 0.135133469060151 0.6870653218809 0.21555825505813442 0.6931688014332602 0.21392824968984903 0.7146471781191 0.1335034636918656 0.7085436985667397
0 0.2983869434086382 0.7257508442305107 0.38950313651492724 0.7627521951809635 0.3789400097163618 0.7887639995194893 0.2878238166100728 0.7517626485690365
