0 0.05496983367953183 0.0696272985523754 0.1127499918513942 0.11622071847956972 0.10169579132046817 0.1299289514476246 0.043915633148605804 0.08333553152043027
0 0.932117595949394 0.30970507722821117 0.9965278705706222 0.36718747452631645 0.9823425603006061 0.38308242277178883 0.9179322856793779 0.32560002547368355
0 0.9022032692744474 0.3295857471940458 0.9711371475787649 0.3886719143991113 0.9600092307255527 0.40165448718095415 0.8910753524212351 0.34256831997588866
0 0.8171422292627939 0.24394735762440528 0.8811130330093295 0.30103785896106816 0.8669960519872062 0.3168561580005947 0.8030252482406706 0.2597656566639318
0 0.7283060981240512 0.1530725650832275 0.7983551594751068 0.2181504789711196 0.7833505425009488 0.23430126304177248 0.7133014811498932 0.16922334915388038
0 0.7561708942517216 0.13796568068430615 0.8289431653981981 0.20557351117400335 0.8148873088732784 0.22070306931569383 0.7421150377268019 0.15309523882599663
0 0.6037668775625898 0.35707378040214666 0.6832823529960351 0.430946249464306 0.6663065599374102 0.44921879772285334 0.5867910845039649 0.375346328660694
0 0.7333313524157816 0.6057488857200004 0.7985158181993037 0.6663074361940124 0.7872959913342183 0.6783843174049995 0.7221115255506962 0.6178257669309875
0 0.5568199809574743 0.43351487231496394 0.631925534955968 0.5019039995369418 0.6194315815425258 0.515624971435036 0.544326027544032 0.44723584421305823
0 0.6576700043598431 0.5284089905359773 0.7214609361496128 0.5864952837618018 0.708419448765157 0.6008175719640226 0.6446285169753873 0.5427312787381982
0 0.9084940698813487 0.5664062551202192 0.9760014330330201 0.524889358675455 0.9843750707436513 0.5385050730047808 0.9168677075919799 0.580021969449545
0 0.7971514661758635 0.5546488416905657 0.8522240272993373 0.604796503410215 0.8396961900741365 0.6185546739344343 0.7846236289506627 0.5684070122147851
0 0.7030014816892002 0.46259245663944093 0.7698220761730561 0.52343751113592 0.7567879714357998 0.5377516839855591 0.6899673769519439 0.47690662948908
