0 0.6874999357866259 0.23242180033320614 0.7101598650967731 0.23612277747805846 0.7087578767133741 0.24470671529179389 0.6860979474032269 0.24100573814694157
0 0.8769508182630298 0.7239008830986676 0.8788010668957437 0.7510276713789631 0.8652343379869701 0.7519530231513324 0.8633840893542563 0.7248262348710369
0 0.812499983787063 0.5624999841911362 0.8252224760166147 0.5751336654794558 0.820312516212937 0.5800781408088638 0.8075900239833853 0.5674444595205442
0 0.8437500924999756 0.6347656497272215 0.843800875651697 0.6079701466687513 0.8543870168750244 0.6079902096477786 0.8543362337233029 0.6347857127062488
0 0.8910786789848079 0.5622638387435341 0.927624466614892 0.5858275119730482 0.920204524140192 0.5973353800064658 0.883658736510108 0.5737717067769518
0 0.8699986446260556 0.4833923164127406 0.8941034816535594 0.5255999486057243 0.8823076053739444 0.5323365898372593 0.8582027683464406 0.49012895764427555
0 0.6944742570766896 0.38719651365606084 0.7390886534827963 0.4116793293511481 0.7324218366733103 0.42382809571893915 0.6878074402672036 0.3993452800238519
0 0.6307922916271044 0.9280020558086688 0.6551648184947796 0.9075521172049369 0.6658655208728955 0.9203053660663312 0.6414929940052203 0.9407553046700631
0 0.8631544912291966 0.8575083037487439 0.8710938243901637 0.8691406199976571 0.8660037118958033 0.8726147431262561 0.8580643787348362 0.8609824268773428
0 0.9448488168517764 0.7975886858908147 0.9702332486744788 0.7999279556051402 0.9690906362732237 0.8123269391091853 0.9437062044505212 0.8099876693948598
0 0.8875770822107839 0.6484913848366126 0.8981324665144836 0.6698551139980713 0.886172917789216 0.6757640839133875 0.8756175334855163 0.6544003547519288
0 0.9278721246222983 0.6399960106380874 0.957802478792763 0.6610351361851767 0.9517423285027018 0.6696563331119126 0.921811974332237 0.6486172075648233
