0 0.11096281427807454 0.24505088004166437 0.13543662797973316 0.2267614941212053 0.14838406072192542 0.24408701058333565 0.12391024702026682 0.26237639650379474
0 0.7108662879618008 0.23793905867933515 0.7402343095394999 0.22070308527435545 0.7469313682881991 0.23211406632066486 0.7175633467105 0.24935003972564457
0 0.6015625203054049 0.48242177645269596 0.6310803115248849 0.46589452993313485 0.6385726359445951 0.47927587979730407 0.6090548447251152 0.4958031263168652
0 0.7887305125928284 0.6926224214437859 0.8146348431392183 0.6874091518959289 0.8180319874071716 0.704289297306214 0.7921276568607818 0.7095025668540711
0 0.8458826015277552 0.2484615509453132 0.8593749899212987 0.24804682514564114 0.8597291172222448 0.2595677459296868 0.8462367288287013 0.25998247172935884
0 0.9552685587501807 0.7673875662983828 0.9861773787454574 0.7670560210178878 0.9863294881248194 0.7812366524516171 0.9554206681295426 0.7815681977321121
0 0.8487311979129111 0.4665925676139214 0.8794577413922625 0.4542940963271995 0.885243802087089 0.46875001051107856 0.8545172586077375 0.48104848179780046
0 0.36551436723050423 0.4189196412673433 0.4028868929793135 0.39492667705542095 0.41015633589449574 0.4062498899826567 0.37278381014568646 0.4302428541945791
0 0.3239501330362732 0.06331652146274483 0.35431289577883 0.03072888590976841 0.37020650758872686 0.045537384787255164 0.33984374484617 0.07812502034023158
0 0.4784533265393715 0.1736020556233975 0.511799537918788 0.14659622703026326 0.5237501890856284 0.1613526318766025 0.490403977706212 0.18835846046973675
