0 0.6895283552110436 0.20805119186797005 0.7127087198636584 0.31680690537701306 0.6779345354139563 0.32421873000702994 0.6547541707613416 0.21546301649798694
0 0.7019644735151902 0.6100792239207498 0.7355449021505001 0.5423010687843218 0.7550210733598097 0.5519504635792503 0.7214406447244999 0.6197286187156782
0 0.49250227169487804 0.6985339620392168 0.5480624794125769 0.603707728985033 0.5692321033051219 0.6161113504607831 0.513671895587423 0.7109375835149669
0 0.4433593102021402 0.6621092966980715 0.4904319857690014 0.5738571713826034 0.5146461585478599 0.5867727345519285 0.46757348298099866 0.6750248598673966
0 0.33500159971802124 0.4310876662188602 0.38132781613834776 0.5863297285426632 0.3499437127819788 0.5956951462811398 0.30361749636165225 0.4404530839573369
0 0.34537424382294096 0.26909679623797145 0.3725716633742037 0.4105146251676168 0.3382644280520591 0.41711257876202856 0.3110670085007963 0.27569474983238323
0 0.3958055710542917 0.25464885406087273 0.4322258827592776 0.3766956072051022 0.3986377883207083 0.3867187240641273 0.3622174766157224 0.2646719709198978
0 0.44001389432420007 0.2445178036416489 0.46501612497817474 0.3466860622800154 0.4371552463007999 0.35350407135835116 0.4121530156468252 0.2513358127199846
0 0.21991196961206758 0.8153135245753379 0.3351359728219422 0.8142529708409043 0.3354071710129324 0.8437173347996622 0.2201831678030578 0.8447778885340957
0 0.2246086308601361 0.7926576658819235 0.29250784487363424 0.6793846251533785 0.31946168163986394 0.6955415528680764 0.2515624676263658 0.8088145935966214
0 0.6568309967263712 0.883787994174023 0.7580921386368589 0.8569367105406839 0.7645662688986288 0.8813518495759771 0.6633051269881411 0.9082031332093162
0 0.6271313405397413 0.8225134582044911 0.7491546100408303 0.8078986356139632 0.7525424875852588 0.836184979295509 0.6305192180841698 0.8507998018860368
0 0.8140123526554202 0.7606879082463055 0.8820491422331385 0.7655127367703092 0.8801021004695799 0.7929687323786946 0.8120653108918616 0.7881439038546909
0 0.8035269735151902 0.6530479739207498 0.8371074021505001 0.5852698187843218 0.8565835733598097 0.5949192135792503 0.8230031447244999 0.6626973687156782
0 0.7781363485151902 0.6374229739207498 0.8117167771505001 0.5696448187843218 0.8311929483598097 0.5792942135792503 0.7976125197244999 0.6470723687156782
0 0.7472895275825588 0.6367187344006766 0.7832191430480699 0.5641991608636628 0.8058022692924411 0.5753879062243235 0.76987265382693 0.6479074797613372
0 0.6191406186335713 0.564453225600796 0.6579415730806792 0.5672048145246292 0.6572679751164288 0.576703415024204 0.6184670206693208 0.5739518261003708
0 0.6190983792912192 0.6020148016569378 0.6360424277536263 0.5749887452185126 0.6503906832087807 0.5839844170930621 0.6334466347463736 0.6110104735314873
