0 0.16195627461845202 0.6014092485666556 0.19110267137108128 0.6956317911212963 0.16814528788154798 0.7027333295583444 0.13899889112891872 0.6085107870037038
0 0.6573098420999952 0.5537724228497104 0.6721027108191175 0.6169508251333942 0.6515116422750047 0.6217721084002895 0.6367187735558824 0.5585937061166057
0 0.6206881431913563 0.517739961322713 0.6284338885835041 0.6282137425057666 0.5985911536836436 0.6303061324272871 0.5908454082914958 0.5198323512442335
0 0.5617175735428689 0.6424211378655342 0.564676499370944 0.5438244519509 0.591155473332131 0.5446190965094657 0.5881965475040559 0.6432157824240999
0 0.5576078721716083 0.549591394650189 0.5603937147516752 0.6424250249563219 0.5332538465783917 0.6432394647248111 0.5304680039983248 0.5504058344186782
0 0.5251500371820503 0.5532097578603746 0.5320483171035344 0.6515958021108048 0.5080765253179496 0.6532765702646254 0.5011782453964655 0.5548905260141952
0 0.4823720748041604 0.5528814523100125 0.49398747771696366 0.6580499060795895 0.4698568314458396 0.6607150320649875 0.45824142853303634 0.5555465782954105
0 0.37405044299958434 0.5487986216340758 0.3811733727821291 0.6673727712868204 0.35071986950041567 0.6692021596159242 0.3435969397178709 0.5506280099631796
0 0.20738788460731675 0.5831273016061908 0.2375406343477269 0.6841715026871064 0.21554649039268323 0.6907348077688092 0.18539374065227307 0.5896906066878936
0 0.6696547950124956 0.5989185375242001 0.7167969523771078 0.5937499903857303 0.7191698143625045 0.6153927906007999 0.6720276569978922 0.6205613377392697
0 0.0007690419781571714 0.2994896382015506 0.05593668059371097 0.20567652311254742 0.07806298927184283 0.2186880961734494 0.02289535065628903 0.3125012112624526
0 0.610420029967285 0.21836573197344017 0.7430936548588496 0.2331259894957524 0.7401506731577151 0.2595791899015598 0.6074770482661505 0.2448189323792476
0 0.5461922709983794 0.12758112430499022 0.7048871058868361 0.16993280389826804 0.6977573383766206 0.19664856319500976 0.5390625034881639 0.15429688360173194
0 0.29914518317375016 0.0587754497480545 0.5278926102915091 0.12474999110049999 0.5149888012012498 0.16949017525194549 0.2862413740834909 0.10351563389950001
