0 0.5463713551024534 0.023043437568155148 0.5703942634125478 0.1304712815670443 0.5336997386475466 0.13867687493184483 0.5096768303374521 0.031249030932955682
0 0.5956294969834361 0.43547318062311124 0.6345065962625408 0.3659701665989952 0.6595841748915638 0.3799975225018888 0.6207070756124592 0.44950053652600486
0 0.6249261768235718 0.4667231143523878 0.6680420219021503 0.37746647457341564 0.6963859325514282 0.39115813564761226 0.6532700874728496 0.4804147754265844
0 0.6444575667116479 0.5780512492859395 0.7475679998506363 0.5822601717655019 0.7466072770383521 0.6057960163390606 0.6434968438993637 0.6015870938594982
0 0.4377966759174984 0.21788356755307564 0.5813291319740803 0.17360911513736157 0.5894732459575017 0.20001135432192435 0.4459407899009198 0.24428580673763842
0 0.1990874884110238 0.23768507585887083 0.2265624402508108 0.38867186049908425 0.1971699334639762 0.39402039289112917 0.16969498162418922 0.24303360825091574
0 0.25387605944219743 0.06183500983440969 0.2947073278945572 0.16406341110247658 0.25978878430780256 0.17801030266559031 0.21895751585544276 0.0757819013975234
0 0.49497001798636586 0.44254315487179513 0.5273437529128912 0.45703130985212104 0.5226081070136341 0.46761309512820487 0.49023437208710885 0.45312494014787896
0 0.42068227155920146 0.40274080598864664 0.4433058502345674 0.36322771439393275 0.45616382219079854 0.37058966276135336 0.4335402435154326 0.41010275435606725
0 0.5578838604078709 0.40709681572920176 0.5984411296860442 0.3514713760921922 0.6186087177171291 0.3661758405207982 0.5780514484389557 0.42180128015780777
0 0.5471165043193776 0.7982515576838217 0.6393593419246582 0.7728016826328263 0.6448764644306223 0.7927984423161784 0.5526336268253418 0.8182483173671737
0 0.5189526480113227 0.7279516911149225 0.6336858535384441 0.7107049749995241 0.6363993051136774 0.7287561213850774 0.521666099586556 0.7460028375004758
0 0.2127625153641282 0.9354188264212381 0.24728795637043538 0.9476626897058508 0.24217967213587177 0.9620671110787619 0.2076542311295646 0.9498232477941492
0 0.24987189228351744 0.9471374970511229 0.28884264029803147 0.9562950382960971 0.28502810771648257 0.972528127948877 0.24605735970196854 0.9633705867039029
0 0.45786064298636586 0.42496502987179513 0.49023437791289115 0.43945318485212104 0.48549873201363414 0.45003497012820487 0.45312499708710885 0.43554681514787896
