0 0.697265803564467 0.0410156250780621 0.7086434905403517 0.14403237421244422 0.6760830245605329 0.1476285155469379 0.6647053375846482 0.04461176641255579
0 0.7642983199635331 0.4476295825524246 0.7815885506204809 0.37991567976482643 0.8000673050364668 0.3846340893225755 0.782777074379519 0.4523479921101736
0 0.4855030959080825 0.5248987116112773 0.5520448310274735 0.42108439646095047 0.5788531540919174 0.4382676946387227 0.5123114189725264 0.5420820097890495
0 0.4508655721811924 0.49061547979022224 0.5036830447199372 0.40637031719314837 0.5220453653188076 0.4178825670847778 0.4692278927800628 0.5021277296818516
0 0.361345971024779 0.13236262553180078 0.3883101837715794 0.2529437397864783 0.357922778975221 0.2597389369681992 0.3309585662284206 0.13915782271352167
0 0.4907434229537536 0.24215355515258713 0.5798315143876879 0.047901338273579855 0.6155444676712464 0.0642800385974129 0.5264563762373121 0.25853225547642017
0 0.7813696870928457 0.45781836935242204 0.8040158626483916 0.39170278697839656 0.8220584379071543 0.397882802522578 0.7994122623516083 0.4639983848966035
0 0.8232588000999598 0.4378488777066316 0.8395879694455909 0.4057027832383673 0.8581259655250403 0.41511948166836843 0.8417967961794092 0.44726557613663276
0 0.7350933042898902 0.43402050714340584 0.7604770177993913 0.3722680092959897 0.7831961488351098 0.38160683660659417 0.7578124353256087 0.4433593344540103
0 0.2101749299220312 0.6465748619916143 0.30261244157226497 0.4991347882303252 0.3328582732029688 0.5180974036333856 0.2404207615527351 0.6655374773946747
0 0.35156986513748273 0.27132429800612284 0.387638130013756 0.425368051183624 0.3584766192375172 0.4321960144938772 0.32240835436124393 0.27815226131637605
