0 0.1686510411792728 0.4071789504888101 0.20551428176720593 0.5184175481941404 0.1721427088207272 0.5294765182611899 0.13527946823279408 0.41823792055585957
0 0.1647447911792728 0.4032727004888101 0.20160803176720593 0.5145112981941404 0.1682364588207272 0.5255702682611899 0.13137321823279408 0.41433167055585957
0 0.6777303984082806 0.4310796781161587 0.733430217923026 0.4204134439588346 0.7363281953417194 0.4355468843838413 0.6806283758269741 0.4462131185411654
0 0.6757461777803365 0.41358764778847873 0.7207032123695376 0.4082030235211962 0.7227499159696634 0.4252912584615212 0.6777928813804623 0.43067588272880375
0 0.6238003991959414 0.44221727928800475 0.6682122881296878 0.43689803255473203 0.6699218664290586 0.4511717832119953 0.6255099774953122 0.456491029945268
0 0.6215540169878501 0.42811375632006277 0.665953475875338 0.42376602297225646 0.66744637363715 0.4390116343049373 0.623046914749662 0.4433593676527436
0 0.5792337024307501 0.3880787056683874 0.5919875515063792 0.4724657046198496 0.5691233288192499 0.47592129433161257 0.5563694797436208 0.3915342953801504
0 0.5465883580443657 0.37475279511871384 0.5604596742982293 0.466533782410813 0.5357421107056343 0.4702694705062862 0.5218707944517706 0.37848848321418704
0 0.5014886791020665 0.3458900008941287 0.5187012715930329 0.46803350669906724 0.47775741464793353 0.4738033584808713 0.4605448221569672 0.35165985267593275
0 0.3699688948903771 0.35202420940065615 0.39718428931389016 0.49353489226341807 0.3553662613596229 0.5015773530993438 0.32815086693610984 0.3600666702365819
0 0.26992773039356566 0.3907642216741086 0.2775342016851274 0.5173875194331761 0.23506836335643433 0.5199385127008914 0.2274618920648726 0.39331521494182403
