0 0.4115653515406536 0.04496319501460241 0.42897736864776 0.13085934169902746 0.4010389453343464 0.13652274248539759 0.38362692822724004 0.05062659580097254
0 0.7205043002079891 0.4064712726325215 0.7623818981205086 0.33686085856379705 0.778143746667011 0.3463431804924785 0.7362661487544915 0.4159535945612029
0 0.5226719534534573 0.3334543007117916 0.5624379037589652 0.27532856488780194 0.5834788277965427 0.2897234336632084 0.5437128774910348 0.3478491694871981
0 0.5939967330665077 0.19585279125493602 0.7414704828701153 0.15988803202164 0.7480884231834923 0.18702494312006399 0.6006146733798847 0.22298970235336
0 0.3557645427097452 0.22257189678114145 0.39686022590812375 0.3835158225244737 0.36294053541525473 0.39217693134385856 0.3218448522168762 0.23123300560052631
0 0.3570657140000892 0.05873767411964423 0.4061880458055711 0.20696933305432963 0.3739479578749108 0.21765334150535579 0.3248256260694289 0.06942168257067038
0 0.7091494071857225 0.0033114650338102944 0.7216395810721746 0.10689670441853058 0.6868169990642774 0.11109556621618971 0.6743268251778253 0.007510326831469426
0 0.6942440409749497 0.7727061692330258 0.796743003957472 0.7595546430155613 0.7993918965250502 0.7801992995169741 0.6968929335425279 0.7933508257344386
0 0.6983940837377158 0.740811404430376 0.7934469326125952 0.7343749247045582 0.7947070881372842 0.7529846893196241 0.6996542392624048 0.7594211690454419
0 0.6613478352048354 0.6985859669960391 0.7922821226095061 0.6923472619877111 0.7934470866701646 0.7167968455039609 0.6625127992654939 0.723035550512289
0 0.7924939720805597 0.4161521927088449 0.829182763180836 0.3565245596593243 0.8510798560444404 0.3699978072911551 0.8143910649441641 0.42962544034067573
0 0.5132477196077226 0.4838174931749032 0.5630538037146611 0.3929921683970778 0.5854405616422774 0.4052684443250968 0.535634477535339 0.4960937691029222
0 0.597856701923249 0.896831770481398 0.7083333476046632 0.8183592604763292 0.723188219951751 0.8392725263936021 0.6127115742703368 0.9177450363986708
0 0.7658272702882073 0.5571149244842495 0.9036459861563602 0.5546874630036984 0.9040563234617928 0.5779842942657505 0.7662376075936399 0.5804117557463015
0 0.6959004375440787 0.6558980568620885 0.773628136636562 0.6443406535135798 0.7771370624559213 0.6679394431379115 0.699409363363438 0.6794968464864202
0 0.4626586393168931 0.45292568134970734 0.5099431474305139 0.3663718203579545 0.5358448763081068 0.3805219749002926 0.488560368194486 0.46707583589204543
0 0.6386719075215137 0.3945312156181604 0.6562082851539135 0.36471033886623644 0.6705866862284864 0.37316565938183954 0.6530503085960866 0.4029865361337635
0 0.6328430787090216 0.3486467904192745 0.6796254525191967 0.3534536070452066 0.6780666869159784 0.3686243033307255 0.6312843131058032 0.36381748670479336
0 0.5822596677846822 0.391328168557677 0.6027607854062115 0.34305297591697753 0.6239547853403179 0.352053472067323 0.6034536677187886 0.4003286647080225
