0 0.2911947444351445 0.203521420976627 0.41015626173697806 0.17187512573043084 0.41614588056485546 0.19439068839837298 0.2971843632630219 0.22603698364456914
0 0.0273049191764937 0.2344716694763025 0.07507638841441094 0.38401476021245046 0.0463603151985063 0.39318809614869754 -0.0014111540394109445 0.24364500541254958
0 0.027343791966426938 0.08007816574866163 0.06395025867489021 0.19875176498363967 0.03710933303357306 0.2070312092513384 0.0005028663251097909 0.08835761001636035
0 0.08018382703524146 0.046862376292780464 0.10293883854539469 0.14016940807867076 0.07712867296475853 0.14646379558221956 0.0543736614546053 0.05315676379632925
0 0.23826862796693904 0.0440535789008604 0.3818601662331469 0.011943781017267105 0.387732153283061 0.0382026710991396 0.24414061501685314 0.0703124689827329
0 0.38292711580108 0.4123189327946206 0.42486209453713286 0.34554984919938636 0.44612171232392 0.3589021609553794 0.40418673358786716 0.42567124455061367
0 0.44518440120376435 0.4295594958926797 0.47736237238975004 0.35954432969921096 0.5023808331712356 0.3710424572323203 0.4702028619852499 0.4410576234257891
0 0.14134901476230277 0.4642789001122642 0.17968740497986407 0.38085945419199413 0.2046009852376972 0.3923093811377358 0.1662625950201359 0.47572882705800584
0 0.20312503019506045 0.3457031975202131 0.25359234275407494 0.2556482055663265 0.26892262605493955 0.26423938060478686 0.21845531349592504 0.35429437255867346
0 0.17921459609142915 0.5040870154674698 0.2331355472233111 0.40071569937575197 0.25899907578357084 0.4142067345325302 0.2050781246516889 0.5175780506242481
0 0.4270835570672287 0.5744035437914411 0.5711745045101657 0.5601779206492686 0.5740906616827711 0.5897155968335589 0.4299997142398342 0.6039412199757314
0 0.3170980261076175 0.6129602607826388 0.43984526009511293 0.6070136326578602 0.44127814576738245 0.6365905204673612 0.318530911779887 0.6425371485921397
0 0.5701844808983962 0.5584656525643384 0.5886395285015937 0.5248746851346512 0.6040096597266038 0.5333191130606615 0.5855546121234063 0.5669100804903487
0 0.36705001857250397 0.7931355302124082 0.47040372333648695 0.7658172402869577 0.475481622052496 0.7850285322875917 0.372127917288513 0.8123468222130422
0 0.3065320877981103 0.3645043789483976 0.35164338137375994 0.3645761792112753 0.3516237715768897 0.3768967929266024 0.30651247800124004 0.3768249926637247
0 0.308465793370499 0.4080751595303576 0.33142021637744196 0.3759760560343639 0.344614675379501 0.3854115592196424 0.3216602523725581 0.4175106627156361
0 0.2603795722523221 0.3971845027604377 0.27762963288929365 0.36845893930267554 0.2925126152476779 0.3773963566145623 0.27526255461070637 0.40612192007232445
0 0.28659951766488595 0.41154336178890405 0.3617514593461673 0.4443490832183658 0.355395013585114 0.4589105444610959 0.28024307190383263 0.42610482303163416
