0 0.5360912884996634 0.3055273565693296 0.564954015079853 0.4140250508532096 0.5370048052503367 0.4214601434306704 0.508142078670147 0.3129624491467904
0 0.578107015115084 0.7133202529747178 0.6014258518506037 0.651369044994313 0.6212695473849159 0.6588383407752822 0.5979507106493962 0.720789548755687
0 0.5501303228193188 0.7089844602655062 0.5853750470330819 0.6412853344561479 0.6028645990556811 0.6503905397344938 0.5676198748419181 0.7180896655438521
0 0.6159093423995661 0.7511141544431982 0.6559654506180116 0.6827492949392387 0.673343782600434 0.6929315486818018 0.6332876743819885 0.7612964081857613
0 0.2993031704269106 0.7632496296875673 0.34861034439745897 0.6790957223071801 0.3664655795730894 0.6895574015624328 0.31715840560254105 0.77371130894282
0 0.08692027317370407 0.8856082517164121 0.15034561786090767 0.7866559369013348 0.16929378932629593 0.7988011232835879 0.10586844463909234 0.8977534380986651
0 0.033191975592211695 0.9687189297570172 0.13524070218186984 0.958562061282236 0.1369037275327883 0.9752709139929828 0.034855000943130154 0.9854277824677641
0 0.20043919078887723 0.5690937179652952 0.21625103383247415 0.6670732104534067 0.18379479358612277 0.6723109695347048 0.16798295054252585 0.5743314770465933
0 0.1803322550394499 0.36292477093983194 0.23485018775665134 0.5034839677126627 0.20376891683555007 0.515539291560168 0.14925098411834864 0.3749800947873373
0 0.4726563117873447 0.7031249292169384 0.4885323561389902 0.6766396248693588 0.49773431321265527 0.6821555395330616 0.48185826886100974 0.7086408438806412
0 0.4648178285557888 0.6584809150165157 0.5058594482895445 0.660156163516418 0.5052860776942112 0.6742030693584843 0.46424445796045544 0.672527820858582
0 0.41015643162652726 0.699218721102323 0.43828342443267937 0.6606417079618133 0.4543513808734727 0.672357060147677 0.4262243880673206 0.7109340732881867
0 0.44542061915178777 0.7125288314213505 0.4703898805908991 0.7261953761729959 0.4648438339732123 0.7363281998286495 0.43987457253410095 0.7226616550770041
0 0.47276444163470505 0.7222944873080608 0.5176980008281677 0.7468883222822259 0.511718761490295 0.7578125439419392 0.46678520229683224 0.7332187089677741
0 0.3977208718828166 0.5657020711666911 0.4277343941275732 0.5253905415699296 0.4394467062421834 0.5341108194583088 0.4094331839974268 0.5744223490550704
