0 0.29195220675203376 0.28417358674736437 0.3195367862078971 0.37028700559999717 0.2990099026229663 0.37686235075263563 0.27142532316710294 0.29074893190000284
0 0.5268833909313696 0.8546277883169201 0.6534589941907036 0.8394677120491794 0.6565486403186304 0.86526400855808 0.5299730370592963 0.8804240848258207
0 0.6058777925623487 0.6300960805268581 0.637678058618258 0.577236421978528 0.6550288480626513 0.587674622598142 0.623228582006742 0.640534281146472
0 0.642928263963507 0.6566386748606914 0.6783436777984216 0.5902416035813128 0.695753376661493 0.5995277313893086 0.6603379628265783 0.6659248026686871
0 0.7012994805927123 0.6845327463983085 0.7375363755543162 0.6113931684263525 0.7551684881572877 0.6201289723516915 0.7189315931956838 0.6932685503236475
0 0.4744438037731017 0.44072172492504125 0.620063800141182 0.3958032373787058 0.6286612743518983 0.4236751500749587 0.4830412779838181 0.46859363762129413
0 0.2356189164696958 0.2942706100070583 0.28602677426742584 0.4323637402742326 0.2563029585303042 0.4432137649929417 0.2058951007325742 0.3051206347257674
0 0.4656569957468224 0.6294755421471901 0.4884428967483395 0.5915998402477926 0.5074398792531776 0.6030283641028099 0.48465397825166046 0.6409040660022075
0 0.035086895949540606 0.9871525749756331 0.06730768488090876 0.9335938380734086 0.0818978696754594 0.9423712531493669 0.049677080744091245 0.9959299900515914
0 0.538417368691097 0.9281873239098674 0.6640770648594948 0.90671985988232 0.6684521625589029 0.9323294729651327 0.5427924663905052 0.9537969369926801
0 0.498849910953147 0.6440093458815942 0.5740411716587426 0.6776595033024165 0.5686383702968529 0.6897320603684057 0.49344710959125737 0.6560819029475834
0 0.5276228152109879 0.6291851995181665 0.5421676689081437 0.6043611609542298 0.554198278539012 0.6114101129818335 0.5396534248418562 0.6362341515457702
0 0.5199763727974513 0.5780095094525404 0.5628689887127467 0.5908463091240519 0.5574466740775486 0.6089643186724596 0.5145540581622532 0.5961275190009481
