0 0.7484518120053731 0.6250624680643385 0.9142300904949991 0.7957540877533096 0.8813345161196269 0.8277027663106614 0.7155562376300009 0.6570111466216904
0 0.7484518120053731 0.6250624680643385 0.9142300904949991 0.7957540877533096 0.8813345161196269 0.8277027663106614 0.7155562376300009 0.6570111466216904
0 0.5750029994957996 0.47508978683646697 0.6614485107367648 0.554022149904655 0.6469595005042005 0.5698902912885331 0.5605139892632353 0.49095792822034506
0 0.8283700067973031 0.640398756735037 0.9457875911247671 0.7612963827771242 0.9226499150776969 0.783768040139963 0.8052323307502329 0.6628704140978758
0 0.7095738161438667 0.5169153323274424 0.8290984366795081 0.63754510536334 0.8072386838561332 0.6592045895475577 0.6877140633204918 0.5385748165116601
0 0.7445455620053731 0.6211562180643385 0.9103238404949991 0.7918478377533096 0.8774282661196269 0.8237965163106614 0.7116499876300009 0.6531048966216904
0 0.6469128324769238 0.5647038954531924 0.6775098238742017 0.5830445714497869 0.6699219331480761 0.5957031357968077 0.6393249417507982 0.5773624598002132
0 0.5056917242482791 0.3316512072322747 0.6436120339625762 0.4627373988483343 0.6268094476267209 0.48041598026772525 0.4888891379124238 0.34932978865166564
0 0.421167118492747 0.2917101269718527 0.5797440788441899 0.45175349735544484 0.552734444007253 0.47851565427814724 0.3941574836558102 0.3184722838945551
0 0.1069485898035563 2.1813076359067374e-08 0.2960301565473949 0.17614770197408647 0.2621939883214437 0.21246833756192363 0.0731124215776051 0.036320657400913545
