0 0.8650009043584078 0.5136413955784311 0.8799759754454082 0.582222205625907 0.8632240956415921 0.5858800887965689 0.8482490245545917 0.5172992787490931
0 0.7016209507032738 0.0820285546894925 0.7020399700964726 0.015624990179471394 0.7199255336717263 0.01573785156050749 0.7195065142785275 0.0821414160705286
0 0.6705883100613983 0.4966314773125523 0.6873605842074337 0.5506416437455504 0.6661577836886017 0.5572259445624478 0.6493855095425662 0.5032157781294497
0 0.7429827800471839 0.1579291833314012 0.7765881042812263 0.2288736339660405 0.756727376202816 0.2382813635435988 0.7231220519687737 0.16733691290895952
0 0.6172561655085613 0.3648207777911846 0.640134039384577 0.43019584560349344 0.6166278188664387 0.4384218003338154 0.593749944990423 0.37304673252150655
0 0.8007813676236306 0.9570313102225877 0.8284945344808149 0.9182327564295761 0.8417967573763694 0.9277343147774123 0.8140835905191851 0.9665328685704239
0 0.9375000207391891 0.9414062869612687 0.9375493768070157 0.9622273788547572 0.9276925573858109 0.9622507442887314 0.9276432013179844 0.9414296523952429
0 0.8197309629822128 0.31995617547867644 0.8465711879507376 0.38867197923735514 0.8068674745177872 0.4041801526463235 0.7800272495492624 0.3354643488876448
0 0.573060972360224 0.2399605194046759 0.6059900221733658 0.3094775931135183 0.5789929338897759 0.3222656524703241 0.5460638840766341 0.2527485787614817
0 0.5355791506342251 0.11498324942058746 0.5574620874642736 0.18768390412820102 0.5321181149907748 0.19531245370441253 0.5102351781607263 0.12261179899679897
