0 0.2868469938890833 0.6677499036999595 0.30986544102799257 0.6854563795720404 0.3022416779859167 0.6953672838000406 0.27922323084700745 0.6776608079279597
0 0.8257978835426114 0.10546861502603003 0.8276239365850279 0.18764129297572785 0.7988021164573886 0.18828177559897 0.7969760634149722 0.10610909764927218
0 0.24300600639990375 0.17298690687931104 0.2525465605399797 0.2761496112577745 0.22152016547509626 0.279018952495689 0.21197961133502033 0.1758562481172255
0 0.2871324192181276 0.10332481082093728 0.3371589004321597 0.24832693602506833 0.2928949245318724 0.26359823605406274 0.2428684433178403 0.11859611084993166
0 0.32258772384005197 0.09495387686938753 0.38173680925796394 0.24209563059289263 0.35049235428494807 0.2546554981306125 0.2913432688670361 0.10751374440710737
0 0.37419227514330644 0.11218294647815984 0.417594735337252 0.24218750171114298 0.38198819360669356 0.25407486602184015 0.338585733412748 0.12407031078885702
0 0.506491219845582 0.12143670418056958 0.5113446711872153 0.2363281656361776 0.473229483279418 0.23793829581943043 0.4683760319377847 0.12304683436382241
0 0.5289228040364651 0.22265626780505463 0.5337035732732907 0.05061741348344362 0.575738914713535 0.05178552906994535 0.5709581454767094 0.22382438339155636
0 0.6207145038651865 0.09347798229172265 0.624626130098175 0.21484369820239352 0.5914964336348136 0.21591147083327733 0.5875848074018251 0.09454575492260646
0 0.653135105329787 0.05460073784324185 0.6734460411326625 0.20732067534078558 0.636557863420213 0.21222660590675815 0.6162469276173376 0.059506668409214425
0 0.6890791644619368 0.10742178750285045 0.7027087120318154 0.20990401855224486 0.6798313824130632 0.21294657187214958 0.6662018348431846 0.11046434082275516
0 0.7213686340053541 0.12659593452356488 0.7292555159992701 0.20348389613459406 0.7067317566196459 0.2057942998514351 0.69884487462573 0.12890633824040593
0 0.898437416218635 0.1523437865278212 0.9490774057221067 0.1512588679556268 0.949398911906365 0.16626558847217876 0.8987589224028933 0.16735050704437318
0 0.40278156266310733 0.6276734711474057 0.4050115523054673 0.6716843497367879 0.3880742967118927 0.6725425444775943 0.3858443070695327 0.6285316658882121
